SCMBranch=ESSE
SCMRepository=ESSE/SBC/Yocto/meta-ingersoll/recipes-core/insight/files/scripts
SCMMainlineUUID={c909fad7-33a4-4881-8d07-f79b0832138f}
SCMBranchRepositoryID=171237
30-commsLogFilter.conf;1102409684;1;1705681954;|114786|197653
app_kill.sh;1432957117;1;1705681954;|114794|197661
app_start.sh;1284668277;1;1705681955;|114795|197662
application_start.sh;1063372647;1;1705681955;|114796|197663
BlinkExclaLed.sh;208591860;1;1705681955;|114787|197654
browserrefresh.sh;1668759412;1;1705681955;|114797|197664
chromium.sh;89543496;1;1705681955;|114798|197665
createEssePackage.sh;2856386780;1;1705681955;|114799|197666
createIRB.sh;1400909540;1;1705681955;|114800|197667
CreateSATAPartition.sh;1879747796;1;1705681955;|114788|197655
createSystemFilesPackage.sh;1029553024;1;1705681955;|114801|197668
DB_Creation_Schema.sql;1387068271;1;1705681955;|114789|197656
db_init.sh;4112631020;1;1705681955;|114802|197669
DiskCheck.sh;4063530134;1;1705681955;|114790|197657
DiskFull.sh;456577987;1;1705681955;|114791|197658
extractFwPackage.sh;3446130779;1;1705681955;|114803|197670
Factory_Reset.sql;642039795;1;1705681955;|114792|197659
fanMonitor.sh;1670189996;1;1705681955;|114804|197671
hardware_init.sh;1001362064;1;1705681955;|114805|197672
image_backup.sh;2398629534;1;1705681955;|114806|197673
Insert_Default_Records.sql;1816504714;1;1705681955;|114793|197660
module_restart.sh;3164020618;1;1705681955;|114807|197674
mount_ssd.sh;2095734490;1;1705681955;|114808|197675
mounts.sh;25321167;1;1705681955;|114809|197676
sataheader.sh;2140279769;1;1705681955;|114810|197677
sourceCodeCleanUp.sh;336860988;1;1705681955;|114811|197678
ssd_mount.sh;939285027;1;1705681955;|114812|197679
startup.sh;1157560977;1;1705681955;|114813|197680
supercap-monitor.sh;3418237831;1;1705681955;|114814|197681
systemFilesUpdateCustomScript.sh;3484596668;1;1705681955;|114815|197682
trim_eor_logs.sh;3430202521;1;1705681955;|114816|197683
